35.91223648
30.89628320
43.71606428
44.77126781
29.99254944
40.17216206
40.60606068
38.98796261
32.84042337
35.73583717
67.55521600
26.97313351
29.90926164
61.35524165
52.92476573
55.08632559
60.58636171
42.05195606
54.23191927
56.14673461
47.66417402
36.85841757
42.64707038
52.05600945
37.88275534
46.72024680
43.73145219
61.44982626
46.61544040
47.53846749
46.65825585
50.90590403
31.82987823
74.13078837
47.69962652
48.67220597
51.91835063
62.54956576
40.57214470
33.85950247
34.68374723
45.65764766
52.99865393
54.04726499
28.08548289
35.89079606
61.69960964
56.20020455
51.81716902
38.91604195
34.95814333
34.81669077
71.11050300
40.57140952
36.85256654
24.03140487
54.25705034
43.81535035
36.89485065
44.76430437
28.04230207
67.67967523
27.92635478
33.78562593
30.86973040
46.63259698
62.39838842
42.67745545
47.58194477
41.24876905
38.95716483
39.76297341
34.70013458
29.92002544
55.16173284
32.81161050
68.54910911
35.88920081
50.89615420
58.55302958
55.35899601
57.49622646
48.52268635
74.83482294
30.84706949
36.94503907
48.73222793
27.03287506
69.54688019
55.16726554
26.96963631
31.91543141
59.53792603
50.79506936
32.80690568
29.95432470
60.07717205
47.59798693
41.68099683
31.07087326
49.02254976
41.60456837
38.82278601
33.72733981
24.36376564
35.13622837
28.92867749
35.72049912
45.51291093
64.19950236
28.99094395
28.02774147
42.77382035
30.99157078
68.07880746
43.64753993
33.81262561
38.80473878
75.90509597
49.93869481
39.03986658
41.65130249
49.40172032
33.72788920
26.92780752
37.85098408
40.25830132
66.33354443
50.93462551
39.60019637
39.91749610
56.15741357
31.97467323
55.20059355
43.53636884
57.21666668
37.88256103
44.70267268
50.96893274
49.94180720
68.60831815
28.97236805
26.95281547
58.34839348
29.99388808
27.04399945
45.79940575
58.35311139
29.93030350
31.96269918
27.95677965
30.97033258
55.20600769
39.09002487
42.90414235
47.75549761
37.82248113
36.94525536
46.61257268
38.01035156
43.81763624
61.04856254
44.88178812
41.06491834
36.87708787
54.15919035
69.17742712
31.84567492
41.77910723
52.85082860
32.78827064
67.36543944
35.91640050
49.93710610
30.02297482
29.96859305
33.78745902
27.05205715
34.83412983
66.36728476
48.66451777
27.97843814
31.01415120
66.92025382
41.41940006
51.87946446
51.93955075
37.87951626
47.58479477
33.80993128
49.67518722
26.61252088
42.63975365
45.77073035
57.19962646
37.97794931
28.96530370
27.01865534
35.71423693
60.55784656
35.97266860
38.05881211
32.79152483
34.81149312
46.56438376
54.00993696
34.76832625
70.13227455
36.87982351
48.56170258
