69	-6.6290956	84	PCIP39	学科占比（39是神学和宗教学）
200	6.0782299	215	CIP39CERT2	
308	5.9590831	424	C200_4	在4年时间内完成学位的学生的比例
310	4.989295	428	RET_FT4	学生上完第一年学之后继续上的比例
372	-4.9302444	1425	PAR_ED_PCT_HS	家长的最高学历是high school（家长学历低）
410	4.8411298	1533	CUML_DEBT_P90
312	4.772881	432	C200_4_POOLED
490	4.772881	1728	C200_4_POOLED_SUPP
149	4.7092319	164	CIP22CERT1
292	4.6571984	383	AVGFACSAL	Average Faculty Salary（教师平均工资）
347	-4.6264434	1395	NONCOM_RPY_7YR_RT	7年没有还完贷款的比例
382	4.5951753	1505	WDRAW_DEBT_MDN
315	-4.4788446	437	PCTFLOAN
291	4.2699909	382	INEXPFTE	学校在每个学生身上的花费
12	4.2251067	21	LATITUDE	纬度
296	4.2121964	388	C150_4_POOLED
489	4.2121964	1726	C150_4_POOLED_SUPP
173	4.0536485	188	CIP26BACHL
118	-3.9281096	133	CIP11BACHL
108	-3.9103615	123	CIP09BACHL
491	3.9014149	1730	C100_4
301	3.9008956	396	C150_4_WHITE
293	3.7732997	384	PFTFAC
129	3.7199323	144	CIP14CERT1
395	-3.6294458	1518	GRAD_DEBT_N
412	-3.5380778	1535	CUML_DEBT_P25
396	3.5344183	1519	WDRAW_DEBT_N
295	3.5050826	386	C150_4
411	3.4688866	1534	CUML_DEBT_P75
270	-3.3894556	285	CIP54CERT2
38	3.372997	50	ACTEN75
366	-3.3595142	1414	INC_PCT_H1
116	3.35443	131	CIP11ASSOC
450	-3.2975044	1591	NONCOM_RPY_7YR_N
21	3.2379904	30	AANAPII
142	3.2143719	157	CIP16CERT4
282	3.1568897	298	UGDS_2MOR
126	3.1159716	141	CIP13ASSOC
160	3.1109426	175	CIP24CERT2
470	-3.0974553	1615	MD_FAMINC
302	3.0442655	397	C150_4_BLACK
85	-3.0247457	100	CIP01CERT2
262	2.9926491	277	CIP51CERT4
19	-2.9739842	28	ANNHI
361	-2.9721384	1409	DEP_INC_PCT_LO
364	2.9694295	1412	INC_PCT_M1
5	2.9504642	13	NUMBRANCH
260	2.9140291	275	CIP51CERT2
334	2.8989584	1382	LO_INC_RPY_5YR_RT
316	-2.8901	440	CDR3
457	-2.8871393	1598	NOPELL_RPY_7YR_N
383	2.8870878	1506	LO_INC_DEBT_MDN
22	-2.8192298	31	HSI
435	-2.8144588	1576	COMPL_RPY_5YR_N
154	2.6763268	169	CIP23CERT1
298	2.6581967	391	PFTFTUG1_EF
161	-2.6564338	176	CIP24ASSOC
15	-2.6488602	24	CCUGPROF
368	-2.6464241	1416	DEP_INC_PCT_M1
369	2.6260307	1417	DEP_INC_PCT_M2
230	-2.6147437	245	CIP45CERT2
346	2.5652876	1394	COMPL_RPY_7YR_RT
348	-2.5345223	1396	LO_INC_RPY_7YR_RT
162	2.5312235	177	CIP24CERT4
49	-2.5008991	64	PCIP05
278	2.4837592	294	UGDS_HISP
72	-2.4782791	87	PCIP42
158	-2.4657831	173	CIP23BACHL
252	-2.4567008	267	CIP49CERT4
253	2.4025204	268	CIP49BACHL
10	-2.3945153	18	REGION
268	2.3928154	283	CIP52BACHL
114	-2.3565881	129	CIP11CERT1
64	2.3511603	79	PCIP27
104	2.3450587	119	CIP09CERT1
165	2.3161128	180	CIP25CERT2
156	2.314168	171	CIP23ASSOC
79	-2.2755923	94	PCIP49
169	-2.2506495	184	CIP26CERT1
324	-2.2242577	1372	IND_RPY_3YR_RT
449	-2.2204807	1590	COMPL_RPY_7YR_N
199	-2.2179513	214	CIP39CERT1
482	-2.1969733	1718	IND_RPY_3YR_RT_SUPP
353	-2.1872435	1401	PELL_RPY_7YR_RT
255	-2.1834016	270	CIP50CERT2
130	-2.1694393	145	CIP14CERT2
459	2.1604815	1600	MALE_RPY_7YR_N
390	2.1264229	1513	FEMALE_DEBT_MDN
458	-2.1195126	1599	FEMALE_RPY_7YR_N
218	-2.1066833	233	CIP42BACHL
47	2.1063802	62	PCIP03
294	-2.0935745	385	PCTPELL
143	2.0888946	158	CIP16BACHL
81	2.0812285	96	PCIP51
16	-2.0656717	25	CCSIZSET
314	2.0495293	435	D200_4_POOLED
381	-2.0467665	1504	GRAD_DEBT_MDN
408	-2.0467665	1531	GRAD_DEBT_MDN10YR
473	-2.0467665	1709	GRAD_DEBT_MDN_SUPP
474	-2.0467665	1710	GRAD_DEBT_MDN10YR_SUPP
131	2.0286009	146	CIP14ASSOC
52	-2.021137	67	PCIP11
150	2.0178452	165	CIP22CERT2
54	-2.0156457	69	PCIP13
384	-2.0080688	1507	MD_INC_DEBT_MDN
399	1.9941561	1522	HI_INC_DEBT_N
208	-1.9772605	223	CIP40BACHL
288	1.9612007	378	TUITIONFEE_IN
378	1.9518236	1431	DEP_INC_AVG
95	1.9289758	110	CIP04CERT2
17	-1.9254421	26	HBCU
256	1.921088	271	CIP50ASSOC
352	-1.9148204	1400	IND_RPY_7YR_RT
386	-1.8960021	1509	DEP_DEBT_MDN
257	-1.8955045	272	CIP50CERT4
277	-1.8899447	293	UGDS_BLACK
311	1.8835685	430	RET_PT4
341	1.8817459	1389	FEMALE_RPY_5YR_RT
28	-1.87765	37	ADM_RATE_ALL
497	1.8549161	1740	UGDS_WOMEN
496	-1.8351934	1739	UGDS_MEN
196	-1.8215462	211	CIP38ASSOC
439	1.8185135	1580	HI_INC_RPY_5YR_N
190	1.8034062	205	CIP31CERT2
456	1.7982918	1597	PELL_RPY_7YR_N
83	1.7913754	98	PCIP54
415	-1.7792811	1538	DEP_INC_N
48	1.7733184	63	PCIP04
66	-1.7696306	81	PCIP30
263	-1.7661288	278	CIP51BACHL
185	1.7582002	200	CIP30CERT2
354	1.7279297	1402	NOPELL_RPY_7YR_RT
309	1.717297	426	D200_4
51	1.7150255	66	PCIP10
61	1.7056954	76	PCIP24
27	-1.7037398	36	ADM_RATE
133	-1.6957375	148	CIP14BACHL
195	1.6876912	210	CIP38CERT2
340	1.6862385	1388	NOPELL_RPY_5YR_RT
269	1.666852	284	CIP54CERT1
306	1.6162443	403	C150_4_NRA
259	-1.6047565	274	CIP51CERT1
40	1.5937322	52	ACTMT75
206	-1.5854949	221	CIP40ASSOC
265	-1.5701407	280	CIP52CERT2
57	-1.5699631	72	PCIP16
462	-1.5567026	1604	LOAN_EVER
351	1.5564798	1399	DEP_RPY_7YR_RT
55	1.5229533	70	PCIP14
300	1.5025549	394	D150_4_POOLED
82	-1.500363	97	PCIP52
445	1.4951364	1586	MALE_RPY_5YR_N
93	1.4911587	108	CIP03BACHL
87	-1.4874423	102	CIP01CERT4
177	-1.4874423	192	CIP27CERT4
217	-1.4874423	232	CIP42CERT4
163	-1.479743	178	CIP24BACHL
134	1.4791572	149	CIP15CERT1
406	-1.4786502	1529	FIRSTGEN_DEBT_N
46	1.4742112	61	PCIP01
251	-1.4673264	266	CIP49ASSOC
493	1.4666617	1734	TRANS_4
320	-1.4659307	1368	LO_INC_RPY_3YR_RT
476	-1.4659307	1712	LO_INC_RPY_3YR_RT_SUPP
188	-1.4570078	203	CIP30BACHL
289	1.4532187	379	TUITIONFEE_OUT
321	1.450978	1369	MD_INC_RPY_3YR_RT
477	1.450978	1713	MD_INC_RPY_3YR_RT_SUPP
271	1.4390208	286	CIP54ASSOC
214	-1.4321926	229	CIP42CERT1
469	-1.4320494	1614	FAMINC
245	-1.4140515	260	CIP48CERT2
436	1.4117347	1577	NONCOM_RPY_5YR_N
303	1.4045385	398	C150_4_HISP
280	1.398479	296	UGDS_AIAN
63	-1.3971291	78	PCIP26
360	1.391427	1408	DEP_STAT_PCT_IND
107	-1.3891603	122	CIP09CERT4
227	-1.3891603	242	CIP44CERT4
329	1.3810823	1377	FIRSTGEN_RPY_3YR_RT
487	1.3810823	1723	FIRSTGEN_RPY_3YR_RT_SUPP
279	1.3783157	295	UGDS_ASIAN
325	-1.370394	1373	PELL_RPY_3YR_RT
483	-1.370394	1719	PELL_RPY_3YR_RT_SUPP
338	1.3700035	1386	IND_RPY_5YR_RT
125	1.3667864	140	CIP13CERT2
275	1.36572	290	UGDS
145	1.3554821	160	CIP19CERT2
4	-1.3552997	12	MAIN
235	-1.3386816	250	CIP46CERT2
50	1.333685	65	PCIP09
70	-1.3256552	85	PCIP40
109	-1.3187412	124	CIP10CERT1
335	1.3043861	1383	MD_INC_RPY_5YR_RT
220	1.3040335	235	CIP43CERT2
90	-1.2921813	105	CIP03CERT2
68	1.2895406	83	PCIP38
189	1.288852	204	CIP31CERT1
99	-1.2869046	114	CIP05CERT1
299	1.2772589	392	D150_4
494	1.2772589	1735	DTRANS_4
432	-1.2695636	1573	FIRSTGEN_RPY_3YR_N
398	-1.2614851	1521	MD_INC_DEBT_N
333	-1.2553111	1381	NONCOM_RPY_5YR_RT
305	-1.2537328	400	C150_4_AIAN
231	-1.2482979	246	CIP45ASSOC
155	1.2450885	170	CIP23CERT2
371	1.2364092	1421	IND_INC_PCT_M2
431	1.2356704	1572	MALE_RPY_3YR_N
441	1.2335105	1582	IND_RPY_5YR_N
241	-1.2266765	256	CIP47ASSOC
370	-1.2165669	1420	IND_INC_PCT_M1
290	1.2057374	381	TUITFTE
186	-1.1926342	201	CIP30ASSOC
392	1.1913832	1515	FIRSTGEN_DEBT_MDN
453	-1.1809263	1594	HI_INC_RPY_7YR_N
460	-1.1690307	1601	FIRSTGEN_RPY_7YR_N
178	1.1593136	193	CIP27BACHL
204	1.156412	219	CIP40CERT1
32	1.1525837	41	SATMT75
388	1.1388171	1511	PELL_DEBT_MDN
281	1.1319625	297	UGDS_NHPI
463	1.1319391	1605	PELL_EVER
403	1.1166451	1526	NOPELL_DEBT_N
136	1.1042163	151	CIP15ASSOC
43	1.1022214	57	ACTMTMID
26	-1.0989249	35	RELAFFIL
362	1.0963918	1410	IND_INC_PCT_LO
42	1.096338	56	ACTENMID
430	-1.0910704	1571	FEMALE_RPY_3YR_N
344	1.0853535	1392	NOTFIRSTGEN_RPY_5YR_RT
194	-1.0752271	209	CIP38CERT1
440	1.0679684	1581	DEP_RPY_5YR_N
117	-1.0627905	132	CIP11CERT4
56	-1.0585226	71	PCIP15
205	-1.0572555	220	CIP40CERT2
94	-1.0514327	109	CIP04CERT1
492	1.0308491	1731	D100_4
304	1.0285723	399	C150_4_ASIAN
115	1.0282632	130	CIP11CERT2
350	1.0202109	1398	HI_INC_RPY_7YR_RT
102	-1.0196109	117	CIP05CERT4
467	-1.0142336	1611	DEPENDENT
221	1.013801	236	CIP43ASSOC
144	0.99646938	159	CIP19CERT1
121	0.99434519	136	CIP12ASSOC
422	-0.98604393	1563	NONCOM_RPY_3YR_N
0	0.98181397	0	﻿UNITID
258	0.96688527	273	CIP50BACHL
416	-0.96297193	1539	IND_INC_N
465	0.94289654	1609	FEMALE
74	-0.94169319	89	PCIP44
343	0.93734491	1391	FIRSTGEN_RPY_5YR_RT
273	-0.93055183	288	CIP54BACHL
103	0.91418767	118	CIP05BACHL
357	0.91051841	1405	FIRSTGEN_RPY_7YR_RT
276	-0.9063707	292	UGDS_WHITE
466	0.89595217	1610	MARRIED
454	0.88756001	1595	DEP_RPY_7YR_N
437	-0.88699776	1578	LO_INC_RPY_5YR_N
73	0.8754676	88	PCIP43
342	-0.87216151	1390	MALE_RPY_5YR_RT
8	0.86650509	16	CONTROL
34	0.85611409	45	SATMTMID
30	0.85590887	39	SATVR75
140	-0.8536666	155	CIP16CERT2
421	0.85055882	1562	COMPL_RPY_3YR_N
193	-0.84996998	208	CIP31BACHL
14	-0.84250605	23	CCBASIC
39	0.83387262	51	ACTMT25
171	0.83139646	186	CIP26ASSOC
233	-0.82819325	248	CIP45BACHL
284	-0.82688934	300	UGDS_UNKN
359	0.81788784	1407	INC_PCT_LO
184	0.80883074	199	CIP30CERT1
135	-0.80727506	150	CIP15CERT2
187	-0.79888177	202	CIP30CERT4
413	0.78940403	1536	CUML_DEBT_P10
331	0.78552502	1379	RPY_5YR_RT
402	-0.78495586	1525	PELL_DEBT_N
407	0.77637607	1530	NOTFIRSTGEN_DEBT_N
53	0.77540261	68	PCIP12
80	0.77489716	95	PCIP50
58	0.77359062	73	PCIP19
444	-0.76245046	1585	FEMALE_RPY_5YR_N
385	0.75808877	1508	HI_INC_DEBT_MDN
423	-0.75726944	1564	LO_INC_RPY_3YR_N
363	-0.74302071	1411	PAR_ED_PCT_1STGEN
468	-0.74302071	1613	FIRST_GEN
113	-0.73946649	128	CIP10BACHL
401	0.73422825	1524	IND_DEBT_N
367	-0.73059773	1415	INC_PCT_H2
397	-0.72847694	1520	LO_INC_DEBT_N
442	0.7261073	1583	PELL_RPY_5YR_N
452	0.7201792	1593	MD_INC_RPY_7YR_N
29	-0.7186389	38	SATVR25
330	0.70212549	1378	NOTFIRSTGEN_RPY_3YR_RT
488	0.70212549	1724	NOTFIRSTGEN_RPY_3YR_RT_SUPP
427	0.70045924	1568	IND_RPY_3YR_N
380	0.69944352	1503	DEBT_MDN
472	0.69944352	1708	DEBT_MDN_SUPP
266	-0.69305068	281	CIP52ASSOC
377	-0.68413877	1430	APPL_SCH_PCT_GE5
141	-0.68140936	156	CIP16ASSOC
243	-0.67230946	258	CIP47BACHL
433	0.66900355	1574	NOTFIRSTGEN_RPY_3YR_N
36	0.66382319	48	ACTCM75
41	0.66269898	55	ACTCMMID
319	-0.65985751	1367	NONCOM_RPY_3YR_RT
480	-0.65791142	1716	NONCOM_RPY_3YR_RT_SUPP
326	0.65413481	1374	NOPELL_RPY_3YR_RT
484	0.65413481	1720	NOPELL_RPY_3YR_RT_SUPP
307	-0.64483643	404	C150_4_UNKN
211	0.64218867	226	CIP41ASSOC
153	0.6415782	168	CIP22BACHL
124	0.63657635	139	CIP13CERT1
2	-0.63635075	2	OPEID6
1	-0.63634914	1	OPEID
355	0.62125719	1403	FEMALE_RPY_7YR_RT
389	-0.60059863	1512	NOPELL_DEBT_MDN
455	0.60000288	1596	IND_RPY_7YR_N
328	-0.59480375	1376	MALE_RPY_3YR_RT
486	-0.59480375	1722	MALE_RPY_3YR_RT_SUPP
229	0.58298415	244	CIP45CERT1
356	-0.57848364	1404	MALE_RPY_7YR_RT
336	0.57733756	1384	HI_INC_RPY_5YR_RT
77	0.57057577	92	PCIP47
76	0.56859845	91	PCIP46
447	0.56550384	1588	NOTFIRSTGEN_RPY_5YR_N
31	0.56548691	40	SATMT25
387	-0.56218237	1510	IND_DEBT_MDN
464	0.55993384	1606	AGE_ENTRY
400	-0.55454594	1523	DEP_DEBT_N
239	0.54816014	254	CIP47CERT1
111	-0.52825779	126	CIP10ASSOC
414	-0.52747285	1537	INC_N
417	-0.52747285	1540	DEP_STAT_N
419	-0.52747285	1542	APPL_SCH_N
238	-0.52234244	253	CIP46BACHL
332	0.51918054	1380	COMPL_RPY_5YR_RT
213	-0.51867068	228	CIP41BACHL
71	0.51392347	86	PCIP41
425	0.4964729	1566	HI_INC_RPY_3YR_N
91	-0.49632195	106	CIP03ASSOC
105	-0.46402368	120	CIP09CERT2
358	-0.45183596	1406	NOTFIRSTGEN_RPY_7YR_RT
287	-0.44383231	376	COSTT4_A
373	0.43037167	1426	PAR_ED_PCT_PS
6	0.42371663	14	PREDDEG
168	0.42109671	183	CIP25BACHL
248	0.41396719	263	CIP48BACHL
424	0.41394648	1565	MD_INC_RPY_3YR_N
261	0.40623102	276	CIP51ASSOC
45	0.40257588	60	SAT_AVG_ALL
226	-0.40088779	241	CIP44ASSOC
429	-0.39237979	1570	NOPELL_RPY_3YR_N
374	0.39192265	1427	APPL_SCH_PCT_GE2
283	-0.39119408	299	UGDS_NRA
78	-0.38976333	93	PCIP48
11	0.38678658	19	LOCALE
285	-0.38270414	313	PPTUG_EF
203	-0.38254476	218	CIP39BACHL
254	-0.38123599	269	CIP50CERT1
174	0.37829149	189	CIP27CERT1
250	-0.37740496	265	CIP49CERT2
498	-0.37569901	1741	CDR3_DENOM
426	0.37042043	1567	DEP_RPY_3YR_N
175	-0.36821035	190	CIP27CERT2
152	0.35936818	167	CIP22CERT4
132	-0.35706794	147	CIP14CERT4
84	-0.35311714	99	CIP01CERT1
345	0.34565398	1393	RPY_7YR_RT
323	-0.34424862	1371	DEP_RPY_3YR_RT
481	-0.34424862	1717	DEP_RPY_3YR_RT_SUPP
212	-0.33440992	227	CIP41CERT4
13	0.33421931	22	LONGITUDE
151	0.32774559	166	CIP22ASSOC
446	-0.32123148	1587	FIRSTGEN_RPY_5YR_N
242	-0.31996128	257	CIP47CERT4
249	-0.31996128	264	CIP49CERT1
349	0.31728476	1397	MD_INC_RPY_7YR_RT
267	-0.31243449	282	CIP52CERT4
443	-0.3076576	1584	NOPELL_RPY_5YR_N
37	-0.29818186	49	ACTEN25
223	-0.29562783	238	CIP43BACHL
461	0.28701255	1602	NOTFIRSTGEN_RPY_7YR_N
224	0.28190205	239	CIP44CERT1
404	-0.26867047	1527	FEMALE_DEBT_N
434	0.26852471	1575	RPY_5YR_N
146	-0.26541749	161	CIP19ASSOC
391	0.25463235	1514	MALE_DEBT_MDN
198	-0.24857152	213	CIP38BACHL
59	-0.23918545	74	PCIP22
375	-0.23497286	1428	APPL_SCH_PCT_GE3
101	0.22822149	116	CIP05ASSOC
176	0.22822149	191	CIP27ASSOC
216	0.22822149	231	CIP42ASSOC
244	0.22822149	259	CIP48CERT1
139	0.22685556	154	CIP16CERT1
339	-0.2194147	1387	PELL_RPY_5YR_RT
127	-0.21275543	142	CIP13CERT4
60	-0.20928122	75	PCIP23
322	0.20820133	1370	HI_INC_RPY_3YR_RT
478	0.20820133	1714	HI_INC_RPY_3YR_RT_SUPP
448	-0.20528176	1589	RPY_7YR_N
451	-0.19607233	1592	LO_INC_RPY_7YR_N
428	0.19454196	1569	PELL_RPY_3YR_N
405	0.19386408	1528	MALE_DEBT_N
23	0.18522647	32	NANTI
148	-0.18069306	163	CIP19BACHL
438	0.17029281	1579	MD_INC_RPY_5YR_N
106	-0.16524647	121	CIP09ASSOC
138	-0.16326387	153	CIP15BACHL
88	-0.16259381	103	CIP01BACHL
219	-0.16068688	234	CIP43CERT1
120	-0.14438951	135	CIP12CERT2
100	0.14206113	115	CIP05CERT2
159	-0.14021286	174	CIP24CERT1
234	-0.13998885	249	CIP46CERT1
365	-0.13804592	1413	INC_PCT_M2
337	0.13606375	1385	DEP_RPY_5YR_RT
318	-0.13301204	1366	COMPL_RPY_3YR_RT
479	-0.13301204	1715	COMPL_RPY_3YR_RT_SUPP
379	-0.124924	1432	IND_INC_AVG
471	-0.124924	1616	FAMINC_IND	Independent学生的收入
236	-0.10618844	251	CIP46ASSOC
9	0.099335648	17	ST_FIPS
89	-0.097445644	104	CIP03CERT1
33	0.096061774	44	SATVRMID
393	0.095289722	1516	NOTFIRSTGEN_DEBT_MDN
128	0.094873838	143	CIP13BACHL
317	-0.094579577	1365	RPY_3YR_RT
475	-0.094579577	1711	RPY_3YR_RT_SUPP
44	0.094244204	59	SAT_AVG	SAT平均成绩
170	-0.092538014	185	CIP26CERT2
376	0.082622014	1429	APPL_SCH_PCT_GE4
327	-0.073737577	1375	FEMALE_RPY_3YR_RT
485	-0.073737577	1721	FEMALE_RPY_3YR_RT_SUPP
232	0.066710673	247	CIP45CERT4
98	0.063199617	113	CIP04BACHL
240	0.06101653	255	CIP47CERT2
394	-0.053916305	1517	DEBT_N	学生平均负债
409	-0.053916305	1532	CUML_DEBT_N
225	-0.053853545	240	CIP44CERT2
264	0.050575212	279	CIP52CERT1
75	0.041956719	90	PCIP45
123	-0.041498173	138	CIP12BACHL
67	0.041189738	82	PCIP31
246	0.036562238	261	CIP48ASSOC
228	-0.030094059	243	CIP44BACHL
201	0.025874354	216	CIP39ASSOC
157	-0.021869678	172	CIP23CERT4
420	-0.017600235	1561	RPY_3YR_N
86	-0.013925829	101	CIP01ASSOC
418	-0.0088518988	1541	PAR_ED_N
62	0.0078823436	77	PCIP25
35	-0.0011024466	47	ACTCM25
